<?xml version="1.0" encoding="UTF-8"?>
<kml xmlns="http://earth.google.com/kml/2.2">
<Document>
  <name>My Saved Places</name>
  <description><![CDATA[]]></description>
  <Style id="style3">
    <IconStyle>
      <Icon>
        <href></href>
      </Icon>
    </IconStyle>
  </Style>
  <Style id="style1">
    <LineStyle>
      <color>73FF0000</color>
      <width>5</width>
    </LineStyle>
  </Style>
  <Style id="style2">
    <IconStyle>
      <Icon>
        <href></href>
      </Icon>
    </IconStyle>
  </Style>
  <Placemark>
    <name>From: Chaponost, France</name>
    <styleUrl>#style3</styleUrl>
    <Point>
      <coordinates>4.744220,45.710449,0.000000</coordinates>
    </Point>
  </Placemark>
  <Placemark>
    <name>Driving directions to Lyon, France</name>
    <styleUrl>#style1</styleUrl>
    <ExtendedData>
      <Data name="_SnapToRoads">
        <value>true</value>
      </Data>
    </ExtendedData>
    <LineString>
      <tessellate>1</tessellate>
      <coordinates>
        4.744220,45.710449,0.000000
        4.743894,45.710461,0.000000
        4.743656,45.710415,0.000000
        4.743470,45.710178,0.000000
        4.743470,45.710178,0.000000
        4.743074,45.710255,0.000000
        4.742851,45.710392,0.000000
        4.742851,45.710392,0.000000
        4.742871,45.710468,0.000000
        4.742811,45.710510,0.000000
        4.742945,45.710697,0.000000
        4.743010,45.710945,0.000000
        4.742699,45.711967,0.000000
        4.742699,45.711967,0.000000
        4.743542,45.712193,0.000000
        4.743904,45.712257,0.000000
        4.744285,45.712273,0.000000
        4.745350,45.712181,0.000000
        4.746144,45.712036,0.000000
        4.747288,45.712021,0.000000
        4.747381,45.711975,0.000000
        4.747444,45.712055,0.000000
        4.748469,45.712318,0.000000
        4.748987,45.712276,0.000000
        4.749188,45.712341,0.000000
        4.749305,45.712425,0.000000
        4.749410,45.712772,0.000000
        4.749737,45.713299,0.000000
        4.749865,45.713932,0.000000
        4.750031,45.714401,0.000000
        4.750382,45.715073,0.000000
        4.750559,45.715263,0.000000
        4.750758,45.715359,0.000000
        4.751316,45.715488,0.000000
        4.751566,45.715630,0.000000
        4.752351,45.716400,0.000000
        4.752699,45.716827,0.000000
        4.753130,45.717159,0.000000
        4.755237,45.718117,0.000000
        4.758030,45.719193,0.000000
        4.758559,45.719479,0.000000
        4.759530,45.720284,0.000000
        4.759659,45.720497,0.000000
        4.759761,45.720860,0.000000
        4.759761,45.720860,0.000000
        4.760691,45.720963,0.000000
        4.761084,45.721050,0.000000
        4.762942,45.721668,0.000000
        4.764305,45.722355,0.000000
        4.764609,45.722576,0.000000
        4.765496,45.723377,0.000000
        4.765598,45.723591,0.000000
        4.765660,45.724152,0.000000
        4.765736,45.724247,0.000000
        4.765885,45.724308,0.000000
        4.766070,45.724316,0.000000
        4.766277,45.724266,0.000000
        4.766510,45.724140,0.000000
        4.766586,45.724041,0.000000
        4.767033,45.723061,0.000000
        4.767072,45.722839,0.000000
        4.767036,45.722298,0.000000
        4.767098,45.722191,0.000000
        4.767256,45.722103,0.000000
        4.767511,45.722130,0.000000
        4.767889,45.722580,0.000000
        4.768215,45.722713,0.000000
        4.768456,45.722733,0.000000
        4.770360,45.722649,0.000000
        4.770591,45.722694,0.000000
        4.771123,45.722939,0.000000
        4.771583,45.722908,0.000000
        4.771742,45.722939,0.000000
        4.771964,45.723125,0.000000
        4.772186,45.723652,0.000000
        4.772146,45.724781,0.000000
        4.772015,45.725239,0.000000
        4.771830,45.725365,0.000000
        4.771480,45.725468,0.000000
        4.771369,45.725628,0.000000
        4.771403,45.725708,0.000000
        4.771544,45.725796,0.000000
        4.772262,45.725941,0.000000
        4.772262,45.725941,0.000000
        4.772542,45.725327,0.000000
        4.772831,45.725021,0.000000
        4.773486,45.724018,0.000000
        4.773718,45.723869,0.000000
        4.773948,45.723858,0.000000
        4.775862,45.724030,0.000000
        4.776297,45.724018,0.000000
        4.776351,45.723976,0.000000
        4.776422,45.723980,0.000000
        4.776471,45.724052,0.000000
        4.776644,45.724064,0.000000
        4.776792,45.724133,0.000000
        4.777612,45.725132,0.000000
        4.777745,45.725231,0.000000
        4.777953,45.725273,0.000000
        4.778175,45.725208,0.000000
        4.778732,45.724792,0.000000
        4.779200,45.724331,0.000000
        4.779200,45.724331,0.000000
        4.780291,45.724365,0.000000
        4.781880,45.724487,0.000000
        4.782284,45.724449,0.000000
        4.782575,45.724380,0.000000
        4.782818,45.724297,0.000000
        4.782940,45.724201,0.000000
        4.783262,45.723839,0.000000
        4.783342,45.723808,0.000000
        4.784076,45.723068,0.000000
        4.784883,45.722641,0.000000
        4.785261,45.722507,0.000000
        4.786821,45.722191,0.000000
        4.787766,45.721924,0.000000
        4.794426,45.721413,0.000000
        4.795282,45.721401,0.000000
        4.796431,45.721313,0.000000
        4.796701,45.721176,0.000000
        4.798229,45.720074,0.000000
        4.798435,45.719948,0.000000
        4.798692,45.719852,0.000000
        4.800432,45.719738,0.000000
        4.805411,45.719517,0.000000
        4.806204,45.719444,0.000000
        4.806966,45.719124,0.000000
        4.808260,45.718159,0.000000
        4.809352,45.717533,0.000000
        4.809630,45.717419,0.000000
        4.809630,45.717419,0.000000
        4.810036,45.718407,0.000000
        4.810242,45.718819,0.000000
        4.810347,45.718906,0.000000
        4.810625,45.719673,0.000000
        4.810798,45.719994,0.000000
        4.811299,45.721279,0.000000
        4.811296,45.721382,0.000000
        4.811832,45.722942,0.000000
        4.812645,45.724056,0.000000
        4.813656,45.724991,0.000000
        4.814235,45.726006,0.000000
        4.814288,45.726017,0.000000
        4.814730,45.726879,0.000000
        4.814728,45.726963,0.000000
        4.815547,45.728321,0.000000
        4.815645,45.728588,0.000000
        4.815536,45.728966,0.000000
        4.815633,45.729275,0.000000
        4.815602,45.729340,0.000000
        4.815896,45.729515,0.000000
        4.815979,45.729660,0.000000
        4.815979,45.729660,0.000000
        4.815633,45.730209,0.000000
        4.815579,45.730373,0.000000
        4.815658,45.730728,0.000000
        4.815973,45.731251,0.000000
        4.815973,45.731251,0.000000
        4.819936,45.735844,0.000000
        4.827644,45.744991,0.000000
        4.829088,45.746574,0.000000
        4.829088,45.746574,0.000000
        4.829560,45.747288,0.000000
        4.829855,45.747635,0.000000
        4.830041,45.747997,0.000000
        4.830270,45.748295,0.000000
        4.831347,45.749504,0.000000
        4.831536,45.749615,0.000000
        4.831536,45.749615,0.000000
        4.832003,45.750248,0.000000
        4.833744,45.752872,0.000000
        4.834537,45.753914,0.000000
        4.834537,45.753914,0.000000
        4.834915,45.754581,0.000000
        4.835519,45.755295,0.000000
        4.835892,45.755817,0.000000
        4.836840,45.757362,0.000000
        4.836840,45.757362,0.000000
        4.836929,45.757450,0.000000
        4.837570,45.758842,0.000000
        4.837706,45.759243,0.000000
        4.838283,45.761490,0.000000
        4.838438,45.762421,0.000000
        4.838469,45.763050,0.000000
        4.838469,45.763050,0.000000
        4.838442,45.763626,0.000000
        4.838442,45.763626,0.000000
        4.837146,45.763561,0.000000
        4.835801,45.763588,0.000000
        4.835801,45.763588,0.000000
        4.835814,45.764042,0.000000
      </coordinates>
    </LineString>
  </Placemark>
  <Placemark>
    <name>To: Lyon, France</name>
    <styleUrl>#style2</styleUrl>
    <Point>
      <coordinates>4.835814,45.764042,0.000000</coordinates>
    </Point>
  </Placemark>
</Document>
</kml>
